(1329, 567), (1483, 603), 1,674.88
(802, 572), (952, 604), 1,674.88
(152, 586), (530, 614), ACCOUNTSPAYABLE@BOYDGAMING.COM
(24, 588), (140, 614), QUESTIONS:
(1326, 96), (1478, 128), 1,674.88
(1112, 100), (1146, 126), 00
(797, 97), (949, 133), 1,674.88
(596, 100), (656, 132), USD
(376, 98), (567, 134), 06/21/2023
(12, 104), (164, 136), 22086567
(1380, 62), (1476, 92), AMOUNT
(1339, 69), (1381, 87), NET
(1046, 66), (1150, 90), DISCOUNT
(780, 66), (946, 92), GROSS AMOUNT
(432, 68), (494, 98), DATE
(20, 72), (104, 98), INVOICE
(1355, 9), (1485, 49), 152261
(1125, 13), (1283, 49), CHECK NO.
(43, 15), (611, 57), AMERISTAR CASINO ST. CHARLES
