10.833430051803589
7.601718902587891
3.1196718215942383
2.3509387969970703
2.9112346172332764
2.85624361038208
3.049389600753784
2.5306003093719482
2.9628775119781494
2.7786142826080322
2.9656195640563965
2.445080280303955
3.0803816318511963
2.1908791065216064
2.2101986408233643
2.5259909629821777
2.3894424438476562
2.7607779502868652
2.69888973236084
2.8612258434295654
2.879225254058838
2.8651556968688965
2.8770592212677
2.5275697708129883
2.8730580806732178
2.8595614433288574
2.863394260406494
2.9122889041900635
2.7057034969329834
2.8681819438934326
2.8706066608428955
2.8749589920043945
2.873629093170166
2.7186436653137207
2.869312286376953
2.8742873668670654
2.869542360305786
2.9010560512542725
2.70231032371521
2.926053047180176
3.1121163368225098
2.387028217315674
2.872276782989502
2.720580816268921
2.8740956783294678
2.877516984939575
2.8648934364318848
2.877150774002075
2.7420060634613037
2.8793246746063232
2.8767292499542236
2.8815712928771973
2.8802897930145264
2.6896092891693115
2.8674733638763428
2.8953323364257812
2.865752696990967
2.8722424507141113
2.8921680450439453
2.8883144855499268
2.371401309967041
2.881781578063965
3.053576946258545
2.6776230335235596
2.8589770793914795
2.1790037155151367
2.183692216873169
2.1712260246276855
2.357917547225952
2.3414905071258545
2.3617262840270996
2.342327356338501
2.2068350315093994
2.34619402885437
2.164158344268799
2.5054545402526855
2.3495938777923584
2.683041572570801
2.864109992980957
2.855245351791382
2.5043344497680664
2.843188524246216
2.184708595275879
2.337806463241577
2.667712450027466
2.843003034591675
2.8584578037261963
2.4895126819610596
2.845118761062622
2.2049953937530518
2.4290504455566406
2.666313886642456
2.6846728324890137
3.055605173110962
2.521815538406372
3.0323333740234375
2.1863324642181396
2.3581666946411133
2.6847262382507324
2.683112621307373
2.9831275939941406
2.6131179332733154
2.979182481765747
2.327608585357666
2.5251708030700684
2.6804661750793457
2.6903016567230225
2.857151985168457
2.5241127014160156
2.854058265686035
2.179896116256714
2.3452212810516357
2.6706113815307617
2.6783573627471924
2.8623898029327393
2.5025477409362793
2.8557288646698
2.1878466606140137
2.8598172664642334
3.0407400131225586
2.8940045833587646
2.512627601623535
2.848862648010254
5.259664535522461
2.726053476333618
3.6263234615325928
2.8597404956817627
2.032604694366455
2.377237319946289
2.1759397983551025
3.2358691692352295
2.17037034034729
2.6784534454345703
2.3556456565856934
2.1852777004241943
2.1758973598480225
2.339242696762085
2.5189781188964844
2.344191074371338
2.060074806213379
2.338792562484741
2.3389885425567627
4.462719440460205
2.5409653186798096
2.8956308364868164
2.2114436626434326
2.3684847354888916
2.7085859775543213
2.702821969985962
2.199826717376709
2.874803066253662
2.885026693344116
2.811347007751465
2.206104278564453
2.899150848388672
2.8819336891174316
2.2031795978546143
2.2008700370788574
2.6966662406921387
2.0454745292663574
2.7122433185577393
2.3703110218048096
2.21199369430542
2.5279626846313477
2.7065670490264893
2.8868234157562256
2.3651785850524902
2.721386194229126
2.059690237045288
2.735344886779785
2.20273756980896
2.9269800186157227
2.0538759231567383
2.3756706714630127
3.395679235458374
2.5580363273620605
3.296473264694214
2.3729162216186523
2.7025339603424072
3.5474514961242676
2.5844202041625977
2.5490353107452393
2.0541701316833496
2.5379881858825684
3.479207754135132
2.2096452713012695
2.193864583969116
2.2024405002593994
2.2013871669769287
2.2103052139282227
2.369692325592041
3.066610813140869
2.388728141784668
2.208868980407715
2.5388405323028564
2.211059093475342
2.5415358543395996
2.5472426414489746
2.531912088394165
2.392164468765259
2.7471649646759033
3.6499252319335938
2.3890414237976074
2.5352156162261963
2.2052783966064453
2.4104368686676025
2.2444276809692383
2.545228958129883
2.552136182785034
2.7180044651031494
3.62237811088562
2.543274402618408
2.5657496452331543
2.2685084342956543
2.43817138671875
2.4378678798675537
2.439509391784668
2.545944929122925
2.7347943782806396
3.611306667327881
2.5355384349823
2.6280288696289062
2.209547281265259
2.535369396209717
2.3653347492218018
2.3720571994781494
2.5489234924316406
2.7107887268066406
3.6217010021209717
2.5372180938720703
2.5482089519500732
2.0589966773986816
2.3727312088012695
2.536461114883423
2.38580060005188
2.37187123298645
2.6958277225494385
3.619063377380371
2.3705661296844482
3.4747374057769775
2.7061502933502197
2.5403552055358887
2.542231559753418
2.2056798934936523
2.4520561695098877
2.207167387008667
2.4936909675598145
2.546325206756592
2.752169132232666
3.7200396060943604
2.5213255882263184
2.544705629348755
2.2058863639831543
2.546130418777466
2.212890148162842
2.5382540225982666
2.538332462310791
2.7063989639282227
3.6433231830596924
2.365943431854248
2.537693977355957
2.541560173034668
2.393267869949341
2.7096261978149414
2.396371364593506
2.7141506671905518
3.625342607498169
2.367682456970215
3.627070903778076
2.780041217803955
2.532698631286621
2.3764445781707764
2.371459484100342
//////////////////////////////////BASE MODEL STARTS HERE//////////////////////////////////////
2.961139678955078
1.1289775371551514
1.2442586421966553
0.8406422138214111
1.3628010749816895
1.1044371128082275
1.3843884468078613
1.2393527030944824
1.5250489711761475
1.374051809310913
1.5290470123291016
1.0927352905273438
1.6816678047180176
0.9532251358032227
0.9495396614074707
1.2228200435638428
1.0888705253601074
1.3695926666259766
1.3676536083221436
1.5173454284667969
1.5155324935913086
1.5430970191955566
1.5280590057373047
1.2340025901794434
1.5250306129455566
1.5159518718719482
1.5147695541381836
1.5157349109649658
1.3767852783203125
1.523723840713501
1.516127109527588
1.5192484855651855
1.5179274082183838
1.3735311031341553
1.5175325870513916
1.5235257148742676
1.5221402645111084
1.5195231437683105
1.3670990467071533
1.5177066326141357
1.5164060592651367
1.0848350524902344
1.5245888233184814
1.3728761672973633
1.5172624588012695
1.5139281749725342
1.5224974155426025
1.5184595584869385
1.3736557960510254
1.5221588611602783
1.5196242332458496
1.5183992385864258
1.519615888595581
1.3702774047851562
1.5148491859436035
1.5161302089691162
1.5221283435821533
1.545921802520752
1.521216630935669
1.5095765590667725
1.0912814140319824
1.5461580753326416
1.8411147594451904
1.403635025024414
1.5253362655639648
0.9489517211914062
0.9481689929962158
0.9537558555603027
1.1097984313964844
1.083709478378296
1.105940818786621
1.0899860858917236
0.9428770542144775
1.0879170894622803
0.9441642761230469
1.2281713485717773
1.1657402515411377
1.36612868309021
1.3654272556304932
1.5225162506103516
1.2260146141052246
1.5280373096466064
0.9489517211914062
1.0860323905944824
1.3931012153625488
1.406151294708252
1.5245823860168457
1.2340259552001953
1.5248804092407227
0.9473600387573242
1.0879902839660645
1.3686132431030273
1.372734546661377
1.6824848651885986
1.22609281539917
1.6750984191894531
0.9442460536956787
1.0905358791351318
1.3717126846313477
1.3782224655151367
1.5234854221343994
1.2303118705749512
1.5249404907226562
0.946533203125
1.0860657691955566
1.366119623184204
1.532604694366455
1.513719081878662
1.2306973934173584
1.547391653060913
0.9488458633422852
1.0880022048950195
1.3669841289520264
1.5197014808654785
1.5391490459442139
1.233494758605957
1.5232782363891602
0.9588909149169922
1.5201995372772217
1.6734018325805664
1.5223546028137207
1.2287192344665527
1.522268295288086
3.574840784072876
1.3645942211151123
2.163705825805664
1.5100696086883545
0.8344080448150635
1.0847225189208984
0.944380521774292
1.8331069946289062
0.9406912326812744
1.3707621097564697
1.0810115337371826
0.9459860324859619
0.9453120231628418
1.099682331085205
1.228947639465332
1.0862312316894531
0.8258111476898193
1.085965633392334
1.084381341934204
2.317653179168701
1.21409010887146
1.514765977859497
0.9449343681335449
1.088987112045288
1.3661541938781738
1.3714580535888672
0.9524223804473877
1.505669355392456
1.5234239101409912
1.367854118347168
0.9838063716888428
1.5188074111938477
1.513031244277954
0.9439547061920166
0.9472239017486572
1.377208948135376
0.8292813301086426
1.3619039058685303
1.084022045135498
0.9461119174957275
1.092940092086792
1.3646645545959473
1.5265281200408936
1.0914320945739746
1.3591179847717285
0.8238475322723389
1.3677630424499512
0.9439656734466553
1.0700554847717285
0.8331005573272705
1.0840961933135986
1.829160213470459
1.222588300704956
1.6799757480621338
1.0869567394256592
1.3676364421844482
1.9848549365997314
1.2310354709625244
1.0867536067962646
0.8273277282714844
1.2318270206451416
1.8424909114837646
0.947319746017456
0.9529435634613037
0.9462580680847168
0.9508934020996094
0.9521996974945068
1.0897862911224365
1.6684942245483398
1.0877008438110352
0.9434776306152344
1.3695182800292969
0.8258171081542969
0.9501473903656006
1.0871310234069824
0.9456372261047363
1.0839769840240479
1.3711295127868652
2.1785831451416016
1.1128814220428467
1.2303543090820312
0.9419732093811035
1.0886695384979248
0.9514851570129395
1.2295594215393066
1.2288823127746582
1.3670823574066162
2.160050868988037
1.2300124168395996
1.2375290393829346
0.8492286205291748
1.3534858226776123
1.3977842330932617
1.3496716022491455
1.2468101978302002
1.3779964447021484
2.254079818725586
1.327791690826416
1.3318181037902832
1.0240869522094727
1.299013376235962
1.1926617622375488
1.0929625034332275
1.2285940647125244
1.383890151977539
2.167132616043091
1.2442784309387207
1.241304636001587
0.9641783237457275
1.235992193222046
1.0937869548797607
1.2615458965301514
1.1299140453338623
1.5307855606079102
2.521827220916748
1.3434484004974365
2.4642019271850586
1.6674716472625732
1.379645586013794
1.4005861282348633
0.9232766628265381
1.1272187232971191
1.1270062923431396
1.2918822765350342
1.4810011386871338
1.5250794887542725
2.4718010425567627
1.379237413406372
1.5316948890686035
0.9016420841217041
1.4135456085205078
1.3385558128356934
1.339019775390625
1.1264183521270752
1.4129180908203125
2.208111047744751
1.1527414321899414
1.2697739601135254
1.1214780807495117
1.1528315544128418
1.305882453918457
1.163231372833252
1.5771384239196777
2.537438154220581
1.269655466079712
2.3227908611297607
1.5735938549041748
1.3827378749847412
1.1200969219207764
1.2273945808410645
