65256|BENCHMARK HOSPITALITY OF TEXAS, INC.|ONE DELOITTE WAY
DELOITTE UNIVERSITY DISBURSEMENT ACCOUNT|WESTLAKE, TX 76262|199071|22085983|06/19/23|729.56|729.56|0.00|729.56
199095|22085539|06/19/23|15.12|15.12|0.00|15.12
199097|22085579|06/19/23|1,576.48|1,576.48|0.00|1,576.48
199100|22085980|06/19/23|156.00|156.00|0.00|156.00
199135|22085442|06/19/23|899.25|899.25|0.00|899.25|199172|22085981|06/19/23|45.90|45.90|0.00|45.90
199239|22086167|06/20/23|396.70|396.70|0|396.70
199240|22086444|06/21/23|382.08|382.08|0|382.08
199241|22086682|06/21/23|137.00|137.00|137.00
199267|22086278|06/20/23|137.00|137.00|137.00
199322|22086606|06/21/23|151.02|151.02|151.02
199409|22086302|06/22/23|38.77|38.77|38.77
199415|22087494|06/23/23|59.22|59.22|59.22|199416|22087086|06/26/23
145.16|145.16|145.16|199420
22087204|06/22/23|171.26|171.26|0.00|171.26|199761|22085538|06/19/23|164.10|164.10|0.00|164.10
WLTIER3-357M|PRINTED IN U.S.A.
