(1198, 548), (1284, 574), 1,747.11
(918, 547), (1132, 575), CHECK TOTAL AMOUNT
(1196, 88), (1284, 114), 1,747.11
(930, 86), (1018, 114), 1,747.11
(788, 86), (874, 114), 1,747.11
(467, 83), (601, 115), SIDLEY PANTRY
(202, 84), (304, 108), 22088710
(87, 79), (191, 109), 6/29/2023
(1472, 58), (1628, 84), CREDIT NUMBER
(1308, 58), (1388, 84), CREDITS
(1166, 60), (1288, 84), THIS CHECK
(1034, 56), (1134, 84), DISCOUNT
(772, 57), (1022, 87), ORIG. AMT BALANCE DUE
(464, 56), (562, 82), LOCATION
(202, 54), (366, 82), INVOICE NUMBER
(86, 54), (140, 80), DATE
(1558, 30), (1624, 56), 28271
(1046, 28), (1360, 58), VENDOR: TRULY GOOD FOODS
(88, 24), (544, 54), FOOD FOR THOUGHT ENTERPRISES, INC. 7/13/20
