(1512, 638), (1620, 670), $1,225.47
(1350, 642), (1412, 672), $0.00
(1098, 636), (1202, 664), $1,225.47
(840, 636), (942, 666), TOTALS:
(715, 169), (1029, 237), PD GEN STRE
(1510, 170), (1614, 198), $1,225.47
(1348, 172), (1410, 198), $0.00
(1096, 166), (1200, 192), $1,225.47
(558, 170), (626, 196), 17710
(346, 166), (496, 194), JUNE 20,2023
(74, 168), (180, 194), 22086284
(1470, 142), (1614, 168), PAID AMOUNT
(1293, 139), (1395, 165), DISCOUNT
(1098, 142), (1190, 168), AMOUNT
(566, 138), (694, 166), DESCRIPTION
(346, 144), (400, 170), DATE
(76, 144), (252, 170), INVOICE NUMBER
(1360, 81), (1492, 110), JULY 6, 2023
(1212, 82), (1272, 108), DATE:
(770, 78), (914, 110), TROP4000
(146, 80), (618, 112), TROPICAL FOODS-PD GEN STORE
(78, 78), (128, 110), TO:
(1425, 43), (1619, 81), 0000049715
(1212, 42), (1376, 68), CHECK NUMBER
(550, 34), (594, 58), BBT
(75, 29), (386, 58), PALMETTO DUNES RESORT
