(610, 1379), (1110, 1406), PLEASE DETACH AND RETAIN FOR YOUR RECORDS
(490, 1330), (578, 1356), NUMBER
(76, 1332), (134, 1356), DATE
(1531, 1309), (1643, 1345), 1,318.21
(1030, 1312), (1146, 1344), TOTAL>
(834, 1312), (994, 1344), 0000063161
(271, 1311), (423, 1347), 2023-06-14
(488, 1302), (562, 1326), CHECK
(76, 1302), (152, 1326), CHECK
(1531, 141), (1643, 177), 1,318.21
(737, 137), (1065, 173), TROPICAL NUT & FRUIT
(75, 137), (365, 173), 2023-05-25 22078757
(1422, 108), (1596, 132), INVOICE AMOUNT
(982, 106), (1118, 132), DESCRIPTION
(416, 106), (540, 132), INVOICE NO.
(120, 106), (178, 130), DATE
(1556, 72), (1644, 102), FRUIT
(1316, 72), (1528, 102), TROPICAL NUT
(1008, 70), (1148, 102), VTRONUT
(75, 67), (645, 105), JW MARRIOTT MIAMI TURNBERRY RESORT & SPA
