(1452, 528), (1494, 540), ***
(1450, 558), (1486, 584), 76
(1232, 558), (1440, 586), $******4,203
(1000, 558), (1154, 588), 7/11/2023
(732, 560), (836, 588), 333266
(332, 562), (386, 588), FRU
(299, 565), (319, 587), &
(214, 562), (286, 588), NUTS
(66, 562), (206, 592), TROPICAL
(1219, 527), (1453, 547), ***
(1396, 506), (1494, 530), ***
(1321, 509), (1361, 529), 7%
(1196, 506), (1296, 530), ***
(1292, 510), (1316, 516), INVOICE
(1380, 132), (1484, 160), 203.76
(946, 134), (984, 162), 76
(844, 134), (936, 162), 4,203
(528, 134), (700, 166), 05/04/2023
(62, 138), (198, 164), 22072403
(1145, 95), (1171, 113), SR
(983, 95), (1011, 113), %
(1421, 71), (1479, 109), $3.95
(1212, 78), (1252, 108), ***
(980, 70), (1012, 96), TOTAL
(324, 67), (681, 112), ***
(272, 74), (316, 100), TAX
(140, 76), (184, 100), 1
(1361, 31), (1483, 61), 3048145
(34, 41), (572, 74), WESTGATE LAS VEGAS RESORT & CASINO
