(1499, 645), (1553, 680), PAGE
(1556, 648), (1616, 674), 1 OF 1
(1537, 199), (1603, 219), $378.44
(1296, 198), (1364, 222), $378.44
(217, 203), (297, 223), 22089142
(95, 203), (187, 223), 06/29/2023
(1544, 174), (1602, 198), $239.81
(1302, 174), (1364, 198), $239.81
(216, 178), (298, 202), 22087993
(94, 176), (186, 202), 06/27/2023
(1448, 132), (1626, 160), DATE: 07/07/2023
(86, 132), (486, 160), PRINT AS: TROPICAL NUT & FRUIT CO.
(1446, 106), (1626, 136), TRULT 7759 7759
(828, 94), (1106, 124), ATLANTA, GA 31193-6845
(86, 102), (582, 134), S800-00789-TROPICAL NUT & FRUIT CO.
(1530, 53), (1632, 115), 19026
(826, 70), (1002, 98), PO BOX 936845
(86, 74), (334, 106), SALAMANDER RESORT
