(1506, 633), (1584, 655), 1 OF 1:
(1450, 631), (1511, 663), PAGE
(196, 190), (274, 214), 22090475
(78, 190), (166, 214), 07/06/2023
(197, 169), (271, 189), 22069237
(92, 166), (168, 190), 8/30/2023
(1404, 124), (1580, 156), DATE: 07/11/2023
(68, 121), (336, 150), PRINT AS: TRULY GOOD FOODS
(1372, 100), (1582, 130), SYNOVUS 9033 9033
(796, 86), (1038, 116), ATLANTA, GA 31183-6845
(384, 94), (486, 124), FRUIT CO.
(68, 91), (365, 127), M901-00259--TROPICAL NUT
(1509, 81), (1575, 101), YMOVUS
(1486, 46), (1584, 94), 15498
(793, 57), (961, 94), PO BOX 936045
(70, 64), (242, 96), HOTEL BENNETT
